             created_at        ele          id        lat        lon  value
0   2017-03-08 17:32:31  349.80002  2661476778  33.630840 -112.22784  8.454
1   2017-03-08 17:32:22  350.10001  2661476010  33.630909 -112.22775  8.454
2   2017-03-08 17:32:13  350.20001  2661475200  33.630974 -112.22766  8.457
3   2017-03-08 17:32:04  350.20001  2661474363  33.631031 -112.22762  8.454
4   2017-03-08 17:31:55  350.30002  2661473583  33.631092 -112.22755  8.454
5   2017-03-08 17:31:46  350.50000  2661472845  33.631161 -112.22749  8.451
6   2017-03-08 17:31:37  350.60001  2661472136  33.631218 -112.22744  8.457
7   2017-03-08 17:31:28  350.60001  2661471401  33.631271 -112.22738  8.448
8   2017-03-08 17:31:19  350.60001  2661470675  33.631310 -112.22733  8.454
9   2017-03-08 17:31:10  350.80002  2661469933  33.631355 -112.22726  8.445
10  2017-03-08 17:31:01  350.80002  2661469177  33.631393 -112.22719  8.454
11  2017-03-08 17:30:52  350.70001  2661468492  33.631447 -112.22710  8.445
12  2017-03-08 17:30:43  350.70001  2661467752  33.631493 -112.22703  8.451
13  2017-03-08 17:30:35  350.80002  2661467073  33.631535 -112.22695  8.442
14  2017-03-08 17:30:26  350.89999  2661466307  33.631588 -112.22686  8.445
15  2017-03-08 17:30:17  350.89999  2661465556  33.631630 -112.22679  8.437
16  2017-03-08 17:30:08  350.89999  2661464777  33.631676 -112.22672  8.442
17  2017-03-08 17:29:59  350.89999  2661463805  33.631718 -112.22665  8.434
18  2017-03-08 17:29:50  350.89999  2661463143  33.631767 -112.22656  8.428
19  2017-03-08 17:29:42  350.89999  2661462415  33.631813 -112.22646  8.431
20  2017-03-08 17:29:33  351.00000  2661461700  33.631855 -112.22639  8.425
21  2017-03-08 17:29:24  350.89999  2661460898  33.631905 -112.22630  8.425
22  2017-03-08 17:29:15  351.00000  2661460152  33.631943 -112.22621  8.428
23  2017-03-08 17:29:06  351.10001  2661459450  33.631973 -112.22612  8.425
24  2017-03-08 17:28:57  351.10001  2661458683  33.632011 -112.22604  8.428
25  2017-03-08 17:28:49  351.00000  2661457943  33.632042 -112.22595  8.425
26  2017-03-08 17:28:39  351.00000  2661457167  33.632080 -112.22586  8.425
27  2017-03-08 17:28:31  351.10001  2661456406  33.632111 -112.22577  8.411
28  2017-03-08 17:28:22  351.00000  2661455619  33.632141 -112.22568  8.408
29  2017-03-08 17:28:13  351.10001  2661454875  33.632175 -112.22560  8.400
30  2017-03-08 17:28:04  351.20001  2661454053  33.632210 -112.22550  8.405
31  2017-03-08 17:27:55  351.30002  2661453177  33.632244 -112.22541  8.405
32  2017-03-08 17:27:46  351.30002  2661452356  33.632278 -112.22531  8.408
33  2017-03-08 17:27:37  351.39999  2661451598  33.632324 -112.22520  8.394
34  2017-03-08 17:27:26  351.50000  2661450675  33.632351 -112.22513  8.400
35  2017-03-08 17:27:17  351.50000  2661449862  33.632381 -112.22504  8.400
36  2017-03-08 17:27:08  351.50000  2661449065  33.632412 -112.22494  8.400
37  2017-03-08 17:26:58  351.50000  2661448213  33.632439 -112.22483  8.391
38  2017-03-08 17:26:49  351.60001  2661447401  33.632462 -112.22473  8.394
39  2017-03-08 17:26:41  351.60001  2661446645  33.632477 -112.22466  8.388
40  2017-03-08 17:26:32  351.39999  2661445896  33.632496 -112.22458  8.388
41  2017-03-08 17:26:23  351.39999  2661445129  33.632519 -112.22449  8.388
42  2017-03-08 17:26:15  351.30002  2661444379  33.632534 -112.22441  8.380
43  2017-03-08 17:26:06  351.20001  2661443605  33.632557 -112.22433  8.380
44  2017-03-08 17:25:57  351.30002  2661442697  33.632576 -112.22424  8.374
45  2017-03-08 17:25:47  351.39999  2661441825  33.632603 -112.22413  8.380
46  2017-03-08 17:25:39  351.39999  2661440977  33.632622 -112.22405  8.371
47  2017-03-08 17:25:30  351.39999  2661440102  33.632637 -112.22396  8.360
48  2017-03-08 17:25:21  351.50000  2661439213  33.632652 -112.22385  8.360
49  2017-03-08 17:25:12  351.70001  2661438265  33.632664 -112.22375  8.368
50  2017-03-08 17:25:03  351.60001  2661437314  33.632679 -112.22369  8.363
51  2017-03-08 17:24:54  351.60001  2661436332  33.632679 -112.22363  8.360
52  2017-03-08 17:24:45  351.50000  2661435485  33.632679 -112.22354  8.360
53  2017-03-08 17:24:36  351.60001  2661434635  33.632687 -112.22346  8.363
54  2017-03-08 17:24:28  351.60001  2661433810  33.632694 -112.22337  8.348
55  2017-03-08 17:24:19  351.70001  2661432994  33.632694 -112.22332  8.351
56  2017-03-08 17:24:10  351.80002  2661432141  33.632694 -112.22326  8.354
57  2017-03-08 17:24:01  351.89999  2661431237  33.632694 -112.22318  8.348
58  2017-03-08 17:23:53  352.00000  2661430408  33.632702 -112.22308  8.351
59  2017-03-08 17:23:44  352.30002  2661429562  33.632706 -112.22298  8.348
60  2017-03-08 17:23:35  352.39999  2661428715  33.632713 -112.22292  8.340
61  2017-03-08 17:23:26  352.30002  2661427863  33.632717 -112.22284  8.351
62  2017-03-08 17:23:17  352.00000  2661426971  33.632725 -112.22275  8.343
63  2017-03-08 17:23:08  352.10001  2661426126  33.632732 -112.22266  8.340
64  2017-03-08 17:22:59  352.20001  2661425250  33.632744 -112.22259  8.346
65  2017-03-08 17:22:50  352.20001  2661424409  33.632740 -112.22250  8.328
66  2017-03-08 17:22:41  352.39999  2661423647  33.632740 -112.22239  8.326
67  2017-03-08 17:22:32  352.60001  2661422853  33.632732 -112.22231  8.328
68  2017-03-08 17:22:24  352.70001  2661422056  33.632740 -112.22221  8.320
69  2017-03-08 17:22:15  353.00000  2661421263  33.632744 -112.22208  8.320
70  2017-03-08 17:22:06  353.10001  2661420469  33.632744 -112.22199  8.317
71  2017-03-08 17:21:57  353.39999  2661419627  33.632744 -112.22187  8.320
72  2017-03-08 17:21:48  353.70001  2661418875  33.632748 -112.22176  8.320
73  2017-03-08 17:21:39  353.70001  2661418105  33.632744 -112.22164  8.314
74  2017-03-08 17:21:30  353.70001  2661417361  33.632759 -112.22157  8.309
75  2017-03-08 17:21:21  353.89999  2661416661  33.632751 -112.22149  8.306
76  2017-03-08 17:21:12  354.00000  2661415912  33.632767 -112.22140  8.300
77  2017-03-08 17:21:04  354.20001  2661415161  33.632767 -112.22133  8.306
78  2017-03-08 17:20:55  354.39999  2661414452  33.632767 -112.22124  8.306
79  2017-03-08 17:20:46  354.80002  2661413669  33.632763 -112.22116  8.294
80  2017-03-08 17:20:36  355.10001  2661412904  33.632744 -112.22106  8.306
81  2017-03-08 17:20:27  355.80002  2661412149  33.632717 -112.22095  8.297
82  2017-03-08 17:20:18  356.30002  2661411448  33.632687 -112.22086  8.294
83  2017-03-08 17:20:09  356.00000  2661410591  33.632656 -112.22074  8.289
84  2017-03-08 17:20:00  357.30002  2661409711  33.632595 -112.22037  8.283
85  2017-03-08 17:19:52  357.30002  2661409059  33.632595 -112.22037  8.289
86  2017-03-08 17:19:43  357.80002  2661408365  33.632595 -112.22028  8.291
87  2017-03-08 17:19:34  358.20001  2661407658  33.632599 -112.22015  8.294
88  2017-03-08 17:19:25  358.80002  2661406891  33.632587 -112.22002  8.294
89  2017-03-08 17:19:16  359.20001  2661406163  33.632542 -112.21990  8.289
90  2017-03-08 17:19:07  359.30002  2661405392  33.632515 -112.21978  8.286
91  2017-03-08 17:18:59  359.20001  2661404595  33.632481 -112.21971  8.286
92  2017-03-08 17:18:49  359.20001  2661403817  33.632439 -112.21964  8.289
93  2017-03-08 17:18:41  359.20001  2661403088  33.632401 -112.21959  8.289
94  2017-03-08 17:18:32  359.20001  2661402345  33.632351 -112.21952  8.294
95  2017-03-08 17:18:23  358.70001  2661401576  33.632259 -112.21931  8.280
96  2017-03-08 17:18:14  358.70001  2661400796  33.632259 -112.21931  8.280
97  2017-03-08 17:18:06  358.70001  2661399984  33.632259 -112.21931  8.283
98  2017-03-08 17:17:57  358.60001  2661399156  33.632217 -112.21922  8.280
99  2017-03-08 17:17:48  358.39999  2661398391  33.632198 -112.21915  8.274
100 2017-03-08 17:17:40  358.39999  2661397628  33.632168 -112.21909  8.269
101 2017-03-08 17:17:31  358.20001  2661396910  33.632149 -112.21903  8.271
102 2017-03-08 17:17:22  358.00000  2661396136  33.632122 -112.21898  8.269
103 2017-03-08 17:17:13  357.89999  2661395423  33.632095 -112.21893  8.269
104 2017-03-08 17:17:04  357.70001  2661394584  33.632069 -112.21886  8.271
105 2017-03-08 17:16:55  357.50000  2661393768  33.632027 -112.21877  8.271
106 2017-03-08 17:16:45  357.50000  2661392891  33.631985 -112.21868  8.271
107 2017-03-08 17:16:36  357.60001  2661392106  33.631924 -112.21856  8.263
108 2017-03-08 17:16:27  357.39999  2661391326  33.631878 -112.21845  8.260
109 2017-03-08 17:16:18  357.20001  2661390555  33.631824 -112.21837  8.257
110 2017-03-08 17:16:09  357.20001  2661389806  33.631767 -112.21827  8.254
111 2017-03-08 17:16:01  357.00000  2661388933  33.631710 -112.21817  8.254
112 2017-03-08 17:15:52  356.70001  2661388160  33.631660 -112.21809  8.246
113 2017-03-08 17:15:42  356.60001  2661387261  33.631599 -112.21800  8.246
114 2017-03-08 17:15:34  356.60001  2661386418  33.631546 -112.21793  8.243
115 2017-03-08 17:15:25  356.60001  2661385590  33.631481 -112.21786  8.240
116 2017-03-08 17:15:16  356.70001  2661384696  33.631416 -112.21778  8.237
117 2017-03-08 17:15:08  356.80002  2661383815  33.631275 -112.21764  8.243
118 2017-03-08 17:14:59  356.80002  2661382767  33.631275 -112.21764  8.234
119 2017-03-08 17:14:50  356.80002  2661381930  33.631214 -112.21758  8.232
120 2017-03-08 17:14:40  357.00000  2661380975  33.631145 -112.21750  8.229
121 2017-03-08 17:14:32  357.00000  2661380087  33.631084 -112.21744  8.237
122 2017-03-08 17:14:23  357.00000  2661379290  33.631016 -112.21736  8.220
123 2017-03-08 17:14:14  357.10001  2661378376  33.630951 -112.21729  8.223
124 2017-03-08 17:14:05  357.30002  2661377468  33.630882 -112.21719  8.223
125 2017-03-08 17:13:57  357.30002  2661376542  33.630829 -112.21712  8.220
126 2017-03-08 17:13:48  357.30002  2661375727  33.630772 -112.21704  8.215
127 2017-03-08 17:13:39  357.50000  2661374775  33.630711 -112.21695  8.215
128 2017-03-08 17:13:29  357.60001  2661373891  33.630634 -112.21684  8.217
129 2017-03-08 17:13:20  357.80002  2661373014  33.630566 -112.21674  8.217
130 2017-03-08 17:13:11  358.00000  2661372087  33.630497 -112.21664  8.220
131 2017-03-08 17:13:02  358.30002  2661371138  33.630421 -112.21654  8.215
132 2017-03-08 17:12:53  358.50000  2661370338  33.630383 -112.21648  8.215
133 2017-03-08 17:12:44  359.00000  2661369501  33.630333 -112.21642  8.220
134 2017-03-08 17:12:34  359.30002  2661368619  33.630283 -112.21638  8.229
135 2017-03-08 17:12:25  359.60001  2661367887  33.630245 -112.21635  8.232
136 2017-03-08 17:12:17  359.70001  2661367096  33.630199 -112.21629  8.237
137 2017-03-08 17:12:06  359.70001  2661366139  33.630157 -112.21627  8.266
138 2017-03-08 17:11:58  359.80002  2661365329  33.630108 -112.21622  8.303
139 2017-03-08 17:11:48  360.20001  2661364527  33.630047 -112.21618  8.442
140 2017-03-08 17:11:39  361.70001  2661363853  33.630047 -112.21613  8.186
141 2017-03-08 17:11:31  363.10001  2661363126  33.630112 -112.21604  8.166
142 2017-03-08 17:11:23  365.60001  2661362538  33.630184 -112.21593  7.591
143 2017-03-08 17:11:14  368.20001  2661361827  33.630333 -112.21576  7.753
144 2017-03-08 17:11:06  370.60001  2661361116  33.630444 -112.21565  7.881
145 2017-03-08 17:10:57  373.70001  2661360342  33.630482 -112.21540  6.520
146 2017-03-08 17:10:48  373.70001  2661359652  33.630482 -112.21540  7.665
147 2017-03-08 17:10:40  374.00000  2661358964  33.630447 -112.21534  7.981
148 2017-03-08 17:10:31  374.50000  2661358270  33.630363 -112.21523  7.898
149 2017-03-08 17:10:22  374.80002  2661357601  33.630264 -112.21516  8.126
150 2017-03-08 17:10:14  374.39999  2661356839  33.630165 -112.21507  7.918
151 2017-03-08 17:10:05  374.30002  2661356051  33.630081 -112.21500  8.403
152 2017-03-08 17:09:56  374.20001  2661355229  33.629986 -112.21489  8.220
153 2017-03-08 17:09:47  374.00000  2661354546  33.629894 -112.21478  8.696
154 2017-03-08 17:09:38  374.00000  2661353816  33.629810 -112.21469  7.434
155 2017-03-08 17:09:28  373.70001  2661353074  33.629707 -112.21461  7.460
156 2017-03-08 17:09:19  377.60001  2661352348  33.629513 -112.21422  7.295
157 2017-03-08 17:09:10  377.60001  2661351570  33.629513 -112.21422  7.970
158 2017-03-08 17:07:27   -0.00000  2661342589  90.000000   -0.00000  7.690
159 2017-03-08 17:07:18   -0.00000  2661341828  90.000000   -0.00000  7.705
160 2017-03-08 17:07:10   -0.00000  2661341092  90.000000   -0.00000  7.708